# Undirected graph (each unordered pair of nodes is saved once): youtube_graph.txt
# Nodes: 4330 Edges: 4276
# NodeId	NodeId
0	1
0	2
0	3
0	4
0	5
0	6
0	7
0	8
0	9
0	10
0	11
0	12
0	13
0	14
1	4
3	12
4	5
4	6
4	7
4	11
4	12
4	14
4	15
4	33
4	962
4	971
4	2103
4	2104
4	2105
4	2106
4	2107
4	2108
4	2109
4	2110
5	7
7	11
7	12
7	16
7	962
7	963
7	964
7	965
7	966
7	967
7	968
7	969
7	970
7	971
12	15
12	16
12	17
12	18
12	19
12	20
12	21
12	22
12	23
12	24
12	25
12	26
12	27
12	28
12	29
12	30
12	31
12	32
12	33
34	35
34	36
34	37
34	38
34	39
34	40
34	41
34	42
34	43
34	44
34	45
34	46
34	47
34	48
34	49
34	50
34	51
34	52
34	53
34	54
55	56
55	57
55	58
55	59
55	60
55	61
55	62
55	63
55	64
55	65
55	66
55	67
55	68
55	69
55	70
55	71
55	72
55	73
55	74
55	75
76	77
76	78
76	79
76	80
76	81
76	82
76	83
76	84
76	85
76	86
76	87
76	88
76	89
76	90
76	91
76	92
76	93
76	94
76	95
76	96
77	2356
97	98
97	99
97	100
97	101
97	102
97	103
97	104
97	105
97	106
97	107
97	108
97	109
97	110
97	111
97	112
97	113
97	114
97	115
97	116
97	117
118	119
118	120
118	121
118	122
118	123
118	124
118	125
118	126
118	127
118	128
118	129
118	130
118	131
118	132
118	133
118	134
118	135
118	136
118	137
118	138
139	140
139	141
139	142
139	143
139	144
139	145
139	146
139	147
139	148
139	149
139	150
139	151
139	152
139	153
139	154
139	155
139	156
139	157
139	158
139	159
160	161
160	162
160	163
160	164
160	165
160	166
160	167
160	168
160	169
160	170
160	171
160	172
160	173
160	174
160	175
160	176
160	177
160	178
160	179
160	180
181	182
181	183
181	184
181	185
181	186
181	187
181	188
181	189
181	190
181	191
181	192
181	193
181	194
181	195
181	196
181	197
181	198
181	199
181	200
181	201
202	203
202	204
202	205
202	206
202	207
202	208
202	209
202	210
202	211
202	212
202	213
202	214
215	216
215	217
215	218
215	219
215	220
215	221
215	222
215	223
215	224
215	225
215	226
215	227
215	228
215	229
215	230
215	231
215	232
215	233
215	234
215	235
228	241
228	4318
236	237
236	238
236	239
236	240
241	242
241	243
241	244
241	245
241	246
241	247
241	248
241	249
241	250
241	251
241	252
241	253
241	254
241	3865
241	4318
242	3865
243	3865
244	3865
245	3865
246	3865
251	3865
252	3865
254	3865
255	256
255	257
255	258
255	259
255	260
255	261
255	262
255	263
255	264
255	265
255	266
255	267
255	268
255	269
255	270
255	271
255	272
255	273
255	274
275	276
275	277
275	278
275	279
275	280
275	281
275	282
275	283
275	284
275	285
275	286
275	287
275	288
275	289
275	290
275	291
275	292
275	293
275	294
275	295
275	3315
296	297
296	298
296	299
296	300
296	301
296	302
296	303
296	304
296	305
296	306
296	307
296	308
296	309
296	310
296	311
296	312
296	313
296	314
296	315
296	316
298	2167
313	2167
317	318
317	319
317	320
317	321
317	322
317	323
317	324
317	325
317	326
317	327
317	328
317	329
317	330
317	331
317	332
317	333
317	334
317	335
317	336
317	337
338	339
338	340
338	341
338	342
338	343
338	344
338	345
338	346
338	347
338	348
338	349
338	350
338	351
338	352
338	353
338	354
338	355
338	356
338	357
338	358
344	3185
346	3185
347	3185
349	3185
352	3185
359	360
359	361
359	362
359	363
359	364
359	365
359	366
359	367
359	368
359	369
359	370
359	371
359	372
359	373
359	374
359	375
359	376
359	377
359	378
359	379
359	3804
364	3513
364	3804
365	3513
365	3804
366	3513
366	3804
367	3513
367	3804
368	3513
368	3804
369	3513
369	3804
370	3513
370	3804
371	3513
371	3804
372	3513
372	3804
373	3804
374	3804
375	3804
376	3804
377	3804
378	3804
379	3804
380	381
380	382
380	383
380	384
380	385
380	386
380	387
380	388
380	389
380	390
380	391
380	392
380	393
380	394
380	395
380	396
380	397
380	398
380	399
380	400
401	402
401	403
401	404
401	405
401	406
401	407
401	408
401	409
401	410
401	411
401	412
401	413
401	414
401	415
401	416
401	417
401	418
401	419
401	420
401	421
422	423
422	424
422	425
422	426
422	427
422	428
429	430
429	431
429	432
429	433
429	434
429	435
429	436
429	437
429	438
429	439
429	440
429	441
429	442
429	443
429	444
429	445
429	446
429	447
429	448
429	449
450	451
450	452
450	453
450	454
450	455
450	456
450	457
450	458
450	459
450	460
450	461
450	462
450	463
450	464
450	465
450	466
450	467
450	468
450	469
450	470
460	648
471	472
471	473
471	474
471	475
471	476
471	477
471	478
471	479
471	480
471	481
471	482
471	483
471	484
471	485
486	487
486	488
486	489
486	490
486	491
486	492
486	493
486	494
486	495
486	496
486	497
486	498
486	499
486	500
486	501
486	502
486	503
486	504
486	505
486	506
507	508
507	509
507	510
507	511
507	512
507	513
507	514
507	515
507	516
507	517
507	518
507	519
507	520
507	521
507	522
507	523
507	524
507	525
507	526
507	527
518	3123
528	529
528	530
528	531
528	532
528	533
528	534
528	535
528	536
528	537
528	538
528	539
528	540
528	541
528	542
528	543
528	544
528	545
528	546
528	547
528	548
549	550
549	551
549	552
549	553
549	554
549	555
549	556
549	557
549	558
549	559
549	560
549	561
549	562
549	563
564	565
564	566
564	567
564	568
564	569
564	570
564	571
564	572
564	573
564	574
564	575
564	576
564	577
564	578
564	579
564	580
564	581
564	582
564	583
564	584
585	586
585	587
585	588
585	589
585	590
585	591
585	592
585	593
585	594
585	595
585	596
585	597
585	598
585	599
585	600
585	601
585	602
585	603
585	604
585	605
606	607
606	608
606	609
606	610
606	611
606	612
606	613
606	614
606	615
606	616
606	617
606	618
606	619
606	620
606	621
606	622
606	623
606	624
606	625
606	626
627	628
627	629
627	630
627	631
627	632
627	633
627	634
627	635
627	636
627	637
627	638
627	639
627	640
627	641
627	642
627	643
627	644
627	645
627	646
627	647
648	649
648	650
648	651
648	652
648	653
648	654
648	655
648	656
648	657
648	658
648	659
648	660
648	661
648	662
648	663
648	664
648	665
648	666
648	667
668	669
668	670
668	671
668	672
668	673
668	674
668	675
668	676
668	677
668	678
668	679
668	680
668	681
668	682
668	683
668	684
668	685
668	686
668	687
668	688
671	1290
689	690
689	691
689	692
689	693
689	694
689	695
689	696
689	697
689	698
689	699
689	700
689	701
689	702
689	703
689	704
689	705
689	706
689	707
689	708
689	709
710	711
710	712
710	713
710	714
710	715
710	716
710	717
710	718
710	719
710	720
710	721
710	722
710	723
710	724
710	725
710	726
710	727
710	728
710	729
710	730
731	732
731	733
731	734
731	735
731	736
731	737
731	738
731	739
731	740
731	741
731	742
731	743
731	744
731	745
731	746
731	747
731	748
731	749
731	750
731	751
752	753
752	754
752	755
752	756
752	757
752	758
752	759
752	760
752	761
752	762
752	763
752	764
752	765
752	766
752	767
752	768
752	769
752	770
752	771
752	772
773	774
773	775
773	776
773	777
773	778
773	779
773	780
773	781
773	782
773	783
773	784
773	785
773	786
773	787
773	788
773	789
773	790
773	791
773	792
773	793
794	795
794	796
794	797
794	798
794	799
794	800
794	801
794	802
794	803
794	804
794	805
794	806
794	807
794	808
794	809
794	810
794	811
794	812
794	813
794	814
813	2167
813	4289
815	816
815	817
815	818
815	819
815	820
815	821
815	822
815	823
815	824
815	825
815	826
815	827
815	828
815	829
815	830
815	831
815	832
815	833
815	834
815	835
823	2111
836	837
836	838
836	839
836	840
836	841
836	842
836	843
836	844
836	845
836	846
836	847
836	848
836	849
836	850
836	851
836	852
836	853
836	854
836	855
836	856
857	858
857	859
857	860
857	861
857	862
857	863
857	864
857	865
857	866
857	867
857	868
857	869
857	870
857	871
857	872
857	873
857	874
857	875
857	876
857	877
866	2971
870	2971
878	879
878	880
878	881
878	882
878	883
878	884
878	885
878	886
878	887
878	888
878	889
878	890
878	891
878	892
878	893
878	894
878	895
878	896
878	897
878	898
899	900
899	901
899	902
899	903
899	904
899	905
899	906
899	907
899	908
899	909
899	910
899	911
899	912
899	913
899	914
899	915
899	916
899	917
899	918
899	919
900	4211
901	4211
902	4211
903	4211
904	4211
905	4211
920	921
920	922
920	923
920	924
920	925
920	926
920	927
920	928
920	929
920	930
920	931
920	932
920	933
920	934
920	935
920	936
920	937
920	938
920	939
920	940
920	2028
926	2028
941	942
941	943
941	944
941	945
941	946
941	947
941	948
941	949
941	950
941	951
941	952
941	953
941	954
941	955
941	956
941	957
941	958
941	959
941	960
941	961
942	949
943	949
944	949
945	949
946	949
947	949
948	949
949	950
949	2704
949	2705
949	2706
949	2707
949	2708
949	2709
949	2710
949	2711
949	2712
949	2713
949	2714
949	2715
949	2814
972	973
972	974
972	975
972	976
972	977
972	978
972	979
972	980
972	981
972	982
972	983
972	984
972	985
972	986
972	987
972	988
972	989
972	990
972	991
972	992
993	994
993	995
993	996
993	997
993	998
993	999
993	1000
993	1001
993	1002
993	1003
993	1004
993	1005
993	1006
993	1007
993	1008
993	1009
993	1010
993	1011
993	1012
993	1013
1014	1015
1014	1016
1014	1017
1014	1018
1014	1019
1014	1020
1014	1021
1014	1022
1014	1023
1014	1024
1014	1025
1014	1026
1014	1027
1014	1028
1014	1029
1014	1030
1014	1031
1014	1032
1014	1033
1014	1034
1035	1036
1035	1037
1035	1038
1035	1039
1035	1040
1035	1041
1035	1042
1035	1043
1035	1044
1035	1045
1035	1046
1035	1047
1035	1048
1035	1049
1050	1051
1050	1052
1050	1053
1050	1054
1050	1055
1050	1056
1050	1057
1050	1058
1050	1059
1050	1060
1050	1061
1050	1062
1050	1063
1050	1064
1056	1694
1056	2890
1058	1700
1058	2477
1058	2973
1058	2978
1058	3997
1058	3998
1058	3999
1058	4000
1058	4001
1058	4002
1058	4003
1058	4004
1058	4005
1058	4006
1058	4007
1058	4008
1058	4009
1058	4010
1058	4011
1058	4012
1058	4013
1065	1066
1065	1067
1065	1068
1065	1069
1065	1070
1065	1071
1065	1072
1065	1073
1065	1074
1065	1075
1065	1076
1065	1077
1065	1078
1065	1079
1065	1080
1065	1081
1065	1082
1065	1083
1065	1084
1065	1085
1086	1087
1086	1088
1086	1089
1086	1090
1086	1091
1086	1092
1086	1093
1086	1094
1086	1095
1086	1096
1086	1097
1086	1098
1086	1099
1086	1100
1086	1101
1086	1102
1086	1103
1086	1104
1086	1105
1086	1106
1107	1108
1107	1109
1107	1110
1107	1111
1107	1112
1107	1113
1107	1114
1107	1115
1107	1116
1107	1117
1107	1118
1107	1119
1107	1120
1107	1121
1107	1122
1107	1123
1107	1124
1107	1125
1107	1126
1107	1127
1128	1129
1128	1130
1128	1131
1128	1132
1128	1133
1128	1134
1128	1135
1128	1136
1128	1137
1128	1138
1128	1139
1128	1140
1128	1141
1128	1142
1128	1143
1128	1144
1128	1145
1128	1146
1128	1147
1128	1148
1138	3476
1141	3476
1142	3476
1149	1150
1149	1151
1149	1152
1149	1153
1149	1154
1149	1155
1149	1156
1149	1157
1149	1158
1149	1159
1149	1160
1149	1161
1149	1162
1149	1163
1149	1164
1149	1165
1149	1166
1149	1167
1149	1168
1149	1169
1152	2083
1170	1171
1170	1172
1170	1173
1170	1174
1170	1175
1170	1176
1170	1177
1170	1178
1170	1179
1170	1180
1170	1181
1170	1182
1170	1183
1170	1184
1185	1186
1185	1187
1185	1188
1185	1189
1185	1190
1185	1191
1185	1192
1185	1193
1185	1194
1185	1195
1185	1196
1185	1197
1185	1198
1185	1199
1185	1200
1185	1201
1185	1202
1185	1203
1185	1204
1185	1205
1206	1207
1206	1208
1206	1209
1206	1210
1206	1211
1206	1212
1206	1213
1206	1214
1206	1215
1206	1216
1206	1217
1206	1218
1206	1219
1206	1220
1206	1221
1206	1222
1206	1223
1206	1224
1206	1225
1206	1226
1227	1228
1227	1229
1227	1230
1227	1231
1227	1232
1227	1233
1227	1234
1227	1235
1227	1236
1227	1237
1227	1238
1227	1239
1227	1240
1227	1241
1227	1242
1227	1243
1227	1244
1227	1245
1227	1246
1227	1247
1248	1249
1248	1250
1248	1251
1248	1252
1248	1253
1248	1254
1248	1255
1248	1256
1248	1257
1248	1258
1248	1259
1248	1260
1248	1261
1248	1262
1248	1263
1248	1264
1248	1265
1248	1266
1248	1267
1248	1268
1269	1270
1269	1271
1269	1272
1269	1273
1269	1274
1269	1275
1269	1276
1269	1277
1269	1278
1269	1279
1269	1280
1269	1281
1269	1282
1269	1283
1269	1284
1269	1285
1269	1286
1269	1287
1269	1288
1269	1289
1290	1291
1290	1292
1290	1293
1290	1294
1290	1295
1290	1296
1290	1297
1290	1298
1290	1299
1290	1300
1290	1301
1290	1302
1290	1303
1290	1304
1290	1305
1290	1306
1290	1307
1290	1308
1290	1309
1292	2814
1310	1311
1310	1312
1310	1313
1310	1314
1310	1315
1310	1316
1310	1317
1310	1318
1310	1319
1310	1320
1310	1321
1310	1322
1310	1323
1310	1324
1325	1326
1325	1327
1325	1328
1325	1329
1325	1330
1325	1331
1325	1332
1325	1333
1325	1334
1325	1335
1325	1336
1325	1337
1325	1338
1325	1339
1325	1340
1325	1341
1325	1342
1325	1343
1325	1344
1325	1345
1346	1347
1346	1348
1346	1349
1346	1350
1346	1351
1346	1352
1346	1353
1346	1354
1346	1355
1346	1356
1346	1357
1346	1358
1346	1359
1346	1360
1346	1361
1346	1362
1346	1363
1346	1364
1346	1365
1346	1366
1360	1882
1367	1368
1367	1369
1367	1370
1367	1371
1367	1372
1367	1373
1367	1374
1367	1375
1367	1376
1367	1377
1367	1378
1367	1379
1367	1380
1367	1381
1382	1383
1382	1384
1382	1385
1382	1386
1382	1387
1382	1388
1382	1389
1382	1390
1382	1391
1382	1392
1382	1393
1382	1394
1382	1395
1382	1396
1397	1398
1397	1399
1397	1400
1397	1401
1397	1402
1397	1403
1397	1404
1397	1405
1397	1406
1397	1407
1397	1408
1397	1409
1397	1410
1397	1411
1397	1412
1397	1413
1397	1414
1397	1415
1397	1416
1397	1417
1418	1419
1418	1420
1418	1421
1418	1422
1418	1423
1418	1424
1418	1425
1418	1426
1418	1427
1418	1428
1418	1429
1418	1430
1418	1431
1418	1432
1418	1433
1418	1434
1418	1435
1418	1436
1418	1437
1418	1438
1439	1440
1439	1441
1439	1442
1439	1443
1439	1444
1439	1445
1439	1446
1439	1447
1439	1448
1439	1449
1439	1450
1439	1451
1439	1452
1439	1453
1439	1454
1439	1455
1439	1456
1439	1457
1439	1458
1439	1459
1460	1461
1460	1462
1460	1463
1460	1464
1460	1465
1460	1466
1460	1467
1460	1468
1460	1469
1460	1470
1460	1471
1460	1472
1460	1473
1460	1474
1460	1475
1460	1476
1460	1477
1460	1478
1460	1479
1460	1480
1481	1482
1481	1483
1481	1484
1481	1485
1481	1486
1481	1487
1481	1488
1481	1489
1481	1490
1481	1491
1481	1492
1481	1493
1481	1494
1481	1495
1481	1496
1481	1497
1481	1498
1481	1499
1481	1500
1481	1501
1502	1503
1502	1504
1502	1505
1502	1506
1502	1507
1502	1508
1502	1509
1502	1510
1502	1511
1502	1512
1502	1513
1502	1514
1502	1515
1502	1516
1503	1504
1503	1514
1504	1505
1504	1506
1504	1508
1504	1509
1504	1514
1504	1515
1504	1516
1504	3117
1504	3118
1504	3800
1504	3801
1504	3802
1504	4077
1505	1514
1505	3116
1506	3116
1508	1514
1509	1514
1509	3116
1510	3116
1511	3116
1512	3116
1513	3116
1514	1515
1514	1516
1514	3117
1514	3118
1514	3799
1514	3800
1514	3801
1514	3802
1514	3803
1516	3116
1517	1518
1517	1519
1517	1520
1517	1521
1517	1522
1517	1523
1517	1524
1517	1525
1517	1526
1517	1527
1517	1528
1517	1529
1517	1530
1517	1531
1517	1532
1517	1533
1517	1534
1517	1535
1517	1536
1517	1537
1538	1539
1538	1540
1538	1541
1538	1542
1538	1543
1538	1544
1538	1545
1538	1546
1538	1547
1538	1548
1538	1549
1538	1550
1538	1551
1538	1552
1538	1553
1538	1554
1538	1555
1538	1556
1538	1557
1538	1558
1559	1560
1559	1561
1559	1562
1559	1563
1559	1564
1559	1565
1559	1566
1559	1567
1559	1568
1559	1569
1559	1570
1559	1571
1559	1572
1559	1573
1559	1574
1559	1575
1559	1576
1559	1577
1559	1578
1559	1579
1580	1581
1580	1582
1580	1583
1580	1584
1580	1585
1580	1586
1580	1587
1580	1588
1580	1589
1580	1590
1580	1591
1580	1592
1580	1593
1580	1594
1580	1595
1580	1596
1580	1597
1580	1598
1580	1599
1580	1600
1601	1602
1601	1603
1601	1604
1601	1605
1601	1606
1601	1607
1601	1608
1601	1609
1601	1610
1601	1611
1601	1612
1601	1613
1601	1614
1601	1615
1601	1616
1601	1617
1601	1618
1601	1619
1601	1620
1601	1621
1622	1623
1622	1624
1622	1625
1622	1626
1622	1627
1622	1628
1622	1629
1622	1630
1622	1631
1622	1632
1622	1633
1622	1634
1622	1635
1622	1636
1637	1638
1637	1639
1637	1640
1637	1641
1637	1642
1637	1643
1637	1644
1637	1645
1637	1646
1637	1647
1637	1648
1637	1649
1637	1650
1637	1651
1637	1652
1637	1653
1637	1654
1637	1655
1637	1656
1637	1657
1658	1659
1658	1660
1658	1661
1658	1662
1658	1663
1658	1664
1658	1665
1658	1666
1658	1667
1658	1668
1658	1669
1658	1670
1658	1671
1658	1672
1658	1673
1658	1674
1658	1675
1658	1676
1658	1677
1658	1678
1679	1680
1679	1681
1679	1682
1679	1683
1679	1684
1679	1685
1679	1686
1679	1687
1679	1688
1679	1689
1679	1690
1679	1691
1679	1692
1679	1693
1691	4318
1694	1695
1694	1696
1694	1697
1694	1698
1694	1699
1694	1700
1694	1701
1694	1702
1694	1703
1694	1704
1694	1705
1694	1706
1694	1707
1694	1708
1694	1709
1694	1710
1694	1711
1694	1712
1694	1713
1694	2890
1695	2890
1714	1715
1714	1716
1714	1717
1714	1718
1714	1719
1714	1720
1714	1721
1714	1722
1714	1723
1714	1724
1714	1725
1714	1726
1714	1727
1714	1728
1714	1729
1714	1730
1714	1731
1714	1732
1714	1733
1714	1734
1735	1736
1735	1737
1735	1738
1735	1739
1735	1740
1735	1741
1735	1742
1735	1743
1735	1744
1735	1745
1735	1746
1735	1747
1735	1748
1735	1749
1735	1750
1735	1751
1735	1752
1735	1753
1735	1754
1735	1755
1756	1757
1756	1758
1756	1759
1756	1760
1756	1761
1756	1762
1756	1763
1756	1764
1756	1765
1756	1766
1756	1767
1756	1768
1756	1769
1756	1770
1756	1771
1756	1772
1756	1773
1756	1774
1756	1775
1756	1776
1777	1778
1777	1779
1777	1780
1777	1781
1777	1782
1777	1783
1777	1784
1777	1785
1777	1786
1777	1787
1777	1788
1777	1789
1777	1790
1777	1791
1777	1792
1777	1793
1777	1794
1777	1795
1777	1796
1777	1797
1798	1799
1798	1800
1798	1801
1798	1802
1798	1803
1798	1804
1798	1805
1798	1806
1798	1807
1798	1808
1798	1809
1798	1810
1798	1811
1798	1812
1798	1813
1798	1814
1798	1815
1798	1816
1798	1817
1798	1818
1799	1800
1799	1801
1799	1802
1799	1803
1799	1804
1799	1805
1799	1806
1799	1807
1799	1808
1799	1809
1799	1810
1799	1811
1799	1812
1799	1813
1799	1814
1799	1815
1799	3687
1799	3688
1799	3689
1805	4078
1809	4078
1819	1820
1819	1821
1819	1822
1819	1823
1819	1824
1819	1825
1819	1826
1819	1827
1819	1828
1819	1829
1819	1830
1819	1831
1819	1832
1819	1833
1819	1834
1819	1835
1819	1836
1819	1837
1819	1838
1819	1839
1840	1841
1840	1842
1840	1843
1840	1844
1840	1845
1840	1846
1840	1847
1840	1848
1840	1849
1840	1850
1840	1851
1840	1852
1840	1853
1840	1854
1840	1855
1840	1856
1840	1857
1840	1858
1840	1859
1840	1860
1861	1862
1861	1863
1861	1864
1861	1865
1861	1866
1861	1867
1861	1868
1861	1869
1861	1870
1861	1871
1861	1872
1861	1873
1861	1874
1861	1875
1861	1876
1861	1877
1861	1878
1861	1879
1861	1880
1861	1881
1882	1883
1882	1884
1882	1885
1882	1886
1882	1887
1882	1888
1882	1889
1882	1890
1882	1891
1882	1892
1882	1893
1882	1894
1882	1895
1882	1896
1882	1897
1882	1898
1882	1899
1882	1900
1882	1901
1902	1903
1902	1904
1902	1905
1902	1906
1902	1907
1902	1908
1902	1909
1902	1910
1902	1911
1902	1912
1902	1913
1902	1914
1902	1915
1902	1916
1902	1917
1902	1918
1902	1919
1902	1920
1902	1921
1902	1922
1923	1924
1923	1925
1923	1926
1923	1927
1923	1928
1923	1929
1923	1930
1923	1931
1923	1932
1923	1933
1923	1934
1923	1935
1923	1936
1923	1937
1923	1938
1923	1939
1923	1940
1923	1941
1923	1942
1923	1943
1944	1945
1944	1946
1944	1947
1944	1948
1944	1949
1944	1950
1944	1951
1944	1952
1944	1953
1944	1954
1944	1955
1944	1956
1944	1957
1944	1958
1944	1959
1944	1960
1944	1961
1944	1962
1944	1963
1944	1964
1965	1966
1965	1967
1965	1968
1965	1969
1965	1970
1965	1971
1965	1972
1965	1973
1965	1974
1965	1975
1965	1976
1965	1977
1965	1978
1965	1979
1965	1980
1965	1981
1965	1982
1965	1983
1965	1984
1965	1985
1986	1987
1986	1988
1986	1989
1986	1990
1986	1991
1986	1992
1986	1993
1986	1994
1986	1995
1986	1996
1986	1997
1986	1998
1986	1999
1986	2000
1986	2001
1986	2002
1986	2003
1986	2004
1986	2005
1986	2006
2007	2008
2007	2009
2007	2010
2007	2011
2007	2012
2007	2013
2007	2014
2007	2015
2007	2016
2007	2017
2007	2018
2007	2019
2007	2020
2007	2021
2007	2022
2007	2023
2007	2024
2007	2025
2007	2026
2007	2027
2028	2029
2028	2030
2028	2031
2028	2032
2028	2033
2028	2034
2028	2035
2028	2036
2028	2037
2028	2038
2028	2039
2028	2040
2041	2042
2041	2043
2041	2044
2041	2045
2041	2046
2041	2047
2041	2048
2041	2049
2041	2050
2041	2051
2041	2052
2041	2053
2041	2054
2041	2055
2041	2056
2041	2057
2041	2058
2041	2059
2041	2060
2041	2061
2062	2063
2062	2064
2062	2065
2062	2066
2062	2067
2062	2068
2062	2069
2062	2070
2062	2071
2062	2072
2062	2073
2062	2074
2062	2075
2062	2076
2062	2077
2062	2078
2062	2079
2062	2080
2062	2081
2062	2082
2083	2084
2083	2085
2083	2086
2083	2087
2083	2088
2083	2089
2083	2090
2083	2091
2083	2092
2083	2093
2083	2094
2083	2095
2083	2096
2083	2097
2083	2098
2083	2099
2083	2100
2083	2101
2083	2102
2111	2112
2111	2113
2111	2114
2111	2115
2111	2116
2111	2117
2111	2118
2111	2119
2111	2120
2111	2121
2111	2122
2111	2123
2111	2124
2125	2126
2125	2127
2125	2128
2125	2129
2125	2130
2125	2131
2125	2132
2125	2133
2125	2134
2125	2135
2125	2136
2125	2137
2125	2138
2125	2139
2125	2140
2125	2141
2125	2142
2125	2143
2125	2144
2125	2145
2146	2147
2146	2148
2146	2149
2146	2150
2146	2151
2146	2152
2146	2153
2146	2154
2146	2155
2146	2156
2146	2157
2146	2158
2146	2159
2146	2160
2146	2161
2146	2162
2146	2163
2146	2164
2146	2165
2146	2166
2167	2168
2167	2169
2167	2170
2167	2171
2167	2172
2167	2173
2167	2174
2167	2175
2167	2176
2167	2177
2167	2178
2167	2179
2167	2180
2167	2181
2167	2182
2167	2183
2167	2184
2185	2186
2185	2187
2185	2188
2185	2189
2185	2190
2185	2191
2185	2192
2185	2193
2185	2194
2185	2195
2185	2196
2185	2197
2185	2198
2185	2199
2185	2200
2185	2201
2185	2202
2185	2203
2185	2204
2185	2205
2206	2207
2206	2208
2206	2209
2206	2210
2206	2211
2206	2212
2206	2213
2206	2214
2206	2215
2206	2216
2206	2217
2206	2218
2206	2219
2206	2220
2206	2221
2206	2222
2206	2223
2206	2224
2206	2225
2206	2226
2227	2228
2227	2229
2227	2230
2227	2231
2227	2232
2227	2233
2227	2234
2227	2235
2227	2236
2227	2237
2227	2238
2227	2239
2227	2240
2227	2241
2227	2242
2227	2243
2227	2244
2227	2245
2227	2246
2227	2247
2248	2249
2248	2250
2248	2251
2248	2252
2248	2253
2248	2254
2248	2255
2248	2256
2248	2257
2248	2258
2248	2259
2248	2260
2248	2261
2248	2262
2248	3690
2250	3690
2251	3690
2255	3690
2258	2779
2263	2264
2263	2265
2263	2266
2263	2267
2263	2268
2263	2269
2263	2270
2263	2271
2263	2272
2263	2273
2263	2274
2263	2275
2263	2276
2263	2277
2264	3476
2265	3476
2278	2279
2278	2280
2278	2281
2278	2282
2278	2283
2278	2284
2278	2285
2278	2286
2278	2287
2278	2288
2278	2289
2278	2290
2278	2291
2278	2292
2278	2293
2278	2294
2278	2295
2278	2296
2278	2297
2278	2298
2299	2300
2299	2301
2299	2302
2299	2303
2299	2304
2299	2305
2299	2306
2299	2307
2299	2308
2299	2309
2299	2310
2299	2311
2299	2312
2299	2313
2299	2314
2299	2315
2299	2316
2299	2317
2299	2318
2299	2319
2320	2321
2320	2322
2320	2323
2320	2324
2320	2325
2320	2326
2320	2327
2320	2328
2320	2329
2320	2330
2320	2331
2320	2332
2320	2333
2320	2334
2335	2336
2335	2337
2335	2338
2335	2339
2335	2340
2335	2341
2335	2342
2335	2343
2335	2344
2335	2345
2335	2346
2335	2347
2335	2348
2335	2349
2335	2350
2335	2351
2335	2352
2335	2353
2335	2354
2335	2355
2356	2357
2356	2358
2356	2359
2356	2360
2356	2361
2356	2362
2356	2363
2356	2364
2356	2365
2356	2366
2356	2367
2356	2368
2356	2369
2356	2370
2356	2371
2356	2372
2356	2373
2356	2374
2356	2375
2376	2377
2376	2378
2376	2379
2376	2380
2376	2381
2376	2382
2376	2383
2384	2385
2384	2386
2384	2387
2384	2388
2384	2389
2384	2390
2384	2391
2384	2392
2384	2393
2384	2394
2384	2395
2384	2396
2384	2397
2384	2398
2399	2400
2399	2401
2399	2402
2399	2403
2399	2404
2399	2405
2399	2406
2399	2407
2399	2408
2399	2409
2399	2410
2399	2411
2399	2412
2399	2413
2399	2414
2399	2415
2399	2416
2399	2417
2399	2418
2399	2419
2420	2421
2420	2422
2420	2423
2420	2424
2420	2425
2420	2426
2420	2427
2420	2428
2420	2429
2420	2430
2420	2431
2420	2432
2420	2433
2420	2434
2420	2435
2420	2436
2420	2437
2420	2438
2420	2439
2420	2440
2421	2581
2432	2581
2440	2581
2441	2442
2441	2443
2441	2444
2441	2445
2441	2446
2441	2447
2441	2448
2441	2449
2441	2450
2441	2451
2441	2452
2441	2453
2441	2454
2441	2455
2456	2457
2456	2458
2456	2459
2456	2460
2456	2461
2456	2462
2456	2463
2456	2464
2456	2465
2456	2466
2456	2467
2456	2468
2456	2469
2456	2470
2456	2471
2456	2472
2456	2473
2456	2474
2456	2475
2456	2476
2477	2478
2477	2479
2477	2480
2477	2481
2477	2482
2477	2483
2477	2484
2477	2485
2477	2486
2477	2487
2477	2488
2477	2489
2477	2490
2477	2491
2477	2492
2477	2493
2477	2494
2477	2495
2477	2496
2497	2498
2497	2499
2497	2500
2497	2501
2497	2502
2497	2503
2497	2504
2497	2505
2497	2506
2497	2507
2497	2508
2497	2509
2497	2510
2497	2511
2497	2512
2497	2513
2497	2514
2497	2515
2497	2516
2497	2517
2518	2519
2518	2520
2518	2521
2518	2522
2518	2523
2518	2524
2518	2525
2518	2526
2518	2527
2518	2528
2518	2529
2518	2530
2518	2531
2518	2532
2518	2533
2518	2534
2518	2535
2518	2536
2518	2537
2518	2538
2539	2540
2539	2541
2539	2542
2539	2543
2539	2544
2539	2545
2539	2546
2539	2547
2539	2548
2539	2549
2539	2550
2539	2551
2539	2552
2539	2553
2539	2554
2539	2555
2539	2556
2539	2557
2539	2558
2539	2559
2560	2561
2560	2562
2560	2563
2560	2564
2560	2565
2560	2566
2560	2567
2560	2568
2560	2569
2560	2570
2560	2571
2560	2572
2560	2573
2560	2574
2560	2575
2560	2576
2560	2577
2560	2578
2560	2579
2560	2580
2581	2582
2581	2583
2581	2584
2581	2585
2581	2586
2581	2587
2581	2588
2581	2589
2581	2590
2581	2591
2581	2592
2581	2593
2581	2594
2581	2595
2581	2596
2581	2597
2581	2598
2599	2600
2599	2601
2599	2602
2599	2603
2599	2604
2599	2605
2599	2606
2599	2607
2599	2608
2599	2609
2599	2610
2599	2611
2599	2612
2599	2613
2599	2614
2599	2615
2599	2616
2599	2617
2599	2618
2599	2619
2620	2621
2620	2622
2620	2623
2620	2624
2620	2625
2620	2626
2620	2627
2620	2628
2620	2629
2620	2630
2620	2631
2620	2632
2620	2633
2620	2634
2620	2635
2620	2636
2620	2637
2620	2638
2620	2639
2620	2640
2641	2642
2641	2643
2641	2644
2641	2645
2641	2646
2641	2647
2641	2648
2641	2649
2641	2650
2641	2651
2641	2652
2641	2653
2641	2654
2641	2655
2641	2656
2641	2657
2641	2658
2641	2659
2641	2660
2641	2661
2662	2663
2662	2664
2662	2665
2662	2666
2662	2667
2662	2668
2662	2669
2662	2670
2662	2671
2662	2672
2662	2673
2662	2674
2662	2675
2662	2676
2662	2677
2662	2678
2662	2679
2662	2680
2662	2681
2662	2682
2683	2684
2683	2685
2683	2686
2683	2687
2683	2688
2683	2689
2683	2690
2683	2691
2683	2692
2683	2693
2683	2694
2683	2695
2683	2696
2683	2697
2683	2698
2683	2699
2683	2700
2683	2701
2683	2702
2683	2703
2716	2717
2716	2718
2716	2719
2716	2720
2716	2721
2716	2722
2716	2723
2716	2724
2716	2725
2716	2726
2716	2727
2716	2728
2716	2729
2716	2730
2716	2731
2716	2732
2716	2733
2716	2734
2716	2735
2716	2736
2737	2738
2737	2739
2737	2740
2737	2741
2737	2742
2737	2743
2737	2744
2737	2745
2737	2746
2737	2747
2737	2748
2737	2749
2737	2750
2737	2751
2737	2752
2737	2753
2737	2754
2737	2755
2737	2756
2737	2757
2758	2759
2758	2760
2758	2761
2758	2762
2758	2763
2758	2764
2758	2765
2758	2766
2758	2767
2758	2768
2758	2769
2758	2770
2758	2771
2758	2772
2758	2773
2758	2774
2758	2775
2758	2776
2758	2777
2758	2778
2779	2780
2779	2781
2779	2782
2779	2783
2779	2784
2779	2785
2779	2786
2779	2787
2779	2788
2779	2789
2779	2790
2779	2791
2779	2792
2780	3690
2788	3690
2793	2794
2793	2795
2793	2796
2793	2797
2793	2798
2793	2799
2793	2800
2793	2801
2793	2802
2793	2803
2793	2804
2793	2805
2793	2806
2793	2807
2793	2808
2793	2809
2793	2810
2793	2811
2793	2812
2793	2813
2814	2815
2814	2816
2814	2817
2814	2818
2814	2819
2814	2820
2814	2821
2814	2822
2814	2823
2814	2824
2814	2825
2814	2826
2814	2827
2814	2828
2814	2829
2814	2830
2814	2831
2814	2832
2833	2834
2833	2835
2833	2836
2833	2837
2833	2838
2833	2839
2833	2840
2833	2841
2833	2842
2833	2843
2833	2844
2833	2845
2833	2846
2833	2847
2848	2849
2848	2850
2848	2851
2848	2852
2848	2853
2848	2854
2848	2855
2848	2856
2848	2857
2848	2858
2848	2859
2848	2860
2848	2861
2848	2862
2848	2863
2848	2864
2848	2865
2848	2866
2848	2867
2848	2868
2869	2870
2869	2871
2869	2872
2869	2873
2869	2874
2869	2875
2869	2876
2869	2877
2869	2878
2869	2879
2869	2880
2869	2881
2869	2882
2869	2883
2869	2884
2869	2885
2869	2886
2869	2887
2869	2888
2869	2889
2890	2891
2890	2892
2890	2893
2890	2894
2890	2895
2890	2896
2890	2897
2890	2898
2890	2899
2890	2900
2890	2901
2890	2902
2890	2903
2890	2904
2890	2905
2890	2906
2890	2907
2908	2909
2908	2910
2908	2911
2908	2912
2908	2913
2908	2914
2908	2915
2908	2916
2908	2917
2908	2918
2908	2919
2908	2920
2908	2921
2908	2922
2908	2923
2908	2924
2908	2925
2908	2926
2908	2927
2908	2928
2929	2930
2929	2931
2929	2932
2929	2933
2929	2934
2929	2935
2929	2936
2929	2937
2929	2938
2929	2939
2929	2940
2929	2941
2929	2942
2929	2943
2929	2944
2929	2945
2929	2946
2929	2947
2929	2948
2929	2949
2950	2951
2950	2952
2950	2953
2950	2954
2950	2955
2950	2956
2950	2957
2950	2958
2950	2959
2950	2960
2950	2961
2950	2962
2950	2963
2950	2964
2950	2965
2950	2966
2950	2967
2950	2968
2950	2969
2950	2970
2971	2972
2971	2973
2971	2974
2971	2975
2971	2976
2971	2977
2971	2978
2971	2979
2971	2980
2971	2981
2971	2982
2971	2983
2984	2985
2984	2986
2984	2987
2984	2988
2984	2989
2984	2990
2984	2991
2984	2992
2984	2993
2984	2994
2984	2995
2984	2996
2984	2997
2984	2998
2984	2999
2984	3000
2984	3001
2984	3002
2984	3003
2984	3004
3005	3006
3005	3007
3005	3008
3005	3009
3005	3010
3005	3011
3005	3012
3005	3013
3005	3014
3005	3015
3005	3016
3005	3017
3005	3018
3005	3019
3005	3020
3005	3021
3005	3022
3005	3023
3005	3024
3025	3026
3025	3027
3025	3028
3025	3029
3025	3030
3025	3031
3025	3032
3025	3033
3025	3034
3025	3035
3025	3036
3025	3037
3025	3038
3025	3039
3025	3040
3025	3041
3025	3042
3025	3043
3025	3044
3025	3045
3046	3047
3046	3048
3046	3049
3046	3050
3046	3051
3046	3052
3046	3053
3046	3054
3046	3055
3046	3056
3046	3057
3046	3058
3046	3059
3046	3060
3046	3061
3046	3062
3046	3063
3046	3064
3046	3065
3046	3066
3067	3068
3067	3069
3067	3070
3067	3071
3067	3072
3067	3073
3067	3074
3067	3075
3067	3076
3067	3077
3067	3078
3067	3079
3067	3080
3067	3081
3067	3082
3067	3083
3067	3084
3067	3085
3067	3086
3067	3087
3088	3089
3088	3090
3088	3091
3088	3092
3088	3093
3088	3094
3088	3095
3088	3096
3088	3097
3088	3098
3088	3099
3088	3100
3088	3101
3088	3102
3088	3103
3088	3104
3088	3105
3088	3106
3088	3107
3088	3108
3109	3110
3109	3111
3109	3112
3109	3113
3109	3114
3109	3115
3116	3117
3116	3118
3116	3119
3116	3120
3116	3121
3116	3122
3123	3124
3123	3125
3123	3126
3123	3127
3123	3128
3123	3129
3123	3130
3123	3131
3123	3132
3123	3133
3123	3134
3123	3135
3123	3136
3123	3137
3123	3138
3123	3139
3123	3140
3123	3141
3123	3142
3143	3144
3143	3145
3143	3146
3143	3147
3143	3148
3143	3149
3143	3150
3143	3151
3143	3152
3143	3153
3143	3154
3143	3155
3143	3156
3143	3157
3143	3158
3143	3159
3143	3160
3143	3161
3143	3162
3143	3163
3164	3165
3164	3166
3164	3167
3164	3168
3164	3169
3164	3170
3164	3171
3164	3172
3164	3173
3164	3174
3164	3175
3164	3176
3164	3177
3164	3178
3164	3179
3164	3180
3164	3181
3164	3182
3164	3183
3164	3184
3185	3186
3185	3187
3185	3188
3185	3189
3185	3190
3185	3191
3185	3192
3185	3193
3185	3194
3185	3195
3185	3196
3185	3197
3185	3198
3185	3199
3185	3200
3201	3202
3201	3203
3201	3204
3201	3205
3201	3206
3201	3207
3201	3208
3201	3209
3201	3210
3201	3211
3201	3212
3201	3213
3201	3214
3201	3215
3216	3217
3216	3218
3216	3219
3216	3220
3216	3221
3216	3222
3216	3223
3216	3224
3216	3225
3216	3226
3216	3227
3216	3228
3216	3229
3216	3230
3231	3232
3231	3233
3231	3234
3231	3235
3231	3236
3231	3237
3231	3238
3231	3239
3231	3240
3231	3241
3231	3242
3231	3243
3231	3244
3231	3245
3231	3246
3231	3247
3231	3248
3231	3249
3231	3250
3231	3251
3252	3253
3252	3254
3252	3255
3252	3256
3252	3257
3252	3258
3252	3259
3252	3260
3252	3261
3252	3262
3252	3263
3252	3264
3252	3265
3252	3266
3252	3267
3252	3268
3252	3269
3252	3270
3252	3271
3252	3272
3273	3274
3273	3275
3273	3276
3273	3277
3273	3278
3273	3279
3273	3280
3273	3281
3273	3282
3273	3283
3273	3284
3273	3285
3273	3286
3273	3287
3273	3288
3273	3289
3273	3290
3273	3291
3273	3292
3273	3293
3294	3295
3294	3296
3294	3297
3294	3298
3294	3299
3294	3300
3294	3301
3294	3302
3294	3303
3294	3304
3294	3305
3294	3306
3294	3307
3294	3308
3294	3309
3294	3310
3294	3311
3294	3312
3294	3313
3294	3314
3315	3316
3315	3317
3315	3318
3315	3319
3315	3320
3315	3321
3315	3322
3315	3323
3315	3324
3315	3325
3315	3326
3315	3327
3315	3328
3315	3329
3315	3330
3315	3331
3315	3332
3315	3333
3315	3334
3335	3336
3335	3337
3335	3338
3335	3339
3335	3340
3335	3341
3335	3342
3335	3343
3335	3344
3335	3345
3335	3346
3335	3347
3335	3348
3335	3349
3335	3350
3335	3351
3335	3352
3335	3353
3335	3354
3335	3355
3335	3690
3336	3690
3337	3690
3346	3690
3356	3357
3356	3358
3356	3359
3356	3360
3356	3361
3356	3362
3356	3363
3356	3364
3356	3365
3356	3366
3356	3367
3356	3368
3356	3369
3356	3370
3356	3371
3356	3372
3356	3373
3356	3374
3356	3375
3356	3376
3377	3378
3377	3379
3377	3380
3377	3381
3377	3382
3377	3383
3377	3384
3377	3385
3377	3386
3377	3387
3377	3388
3377	3389
3377	3390
3377	3391
3377	3392
3377	3393
3377	3394
3377	3395
3377	3396
3377	3397
3398	3399
3398	3400
3398	3401
3398	3402
3398	3403
3398	3404
3398	3405
3398	3406
3398	3407
3398	3408
3398	3409
3398	3410
3398	3411
3398	3412
3398	3413
3398	3414
3398	3415
3398	3416
3398	3417
3398	3418
3419	3420
3419	3421
3419	3422
3419	3423
3419	3424
3419	3425
3419	3426
3419	3427
3419	3428
3419	3429
3419	3430
3419	3431
3419	3432
3419	3433
3419	3434
3419	3435
3419	3436
3419	3437
3419	3438
3419	3439
3440	3441
3440	3442
3440	3443
3440	3444
3440	3445
3440	3446
3440	3447
3440	3448
3440	3449
3440	3450
3440	3451
3440	3452
3440	3453
3440	3454
3455	3456
3455	3457
3455	3458
3455	3459
3455	3460
3455	3461
3455	3462
3455	3463
3455	3464
3455	3465
3455	3466
3455	3467
3455	3468
3455	3469
3455	3470
3455	3471
3455	3472
3455	3473
3455	3474
3455	3475
3476	3477
3476	3478
3476	3479
3476	3480
3476	3481
3476	3482
3476	3483
3476	3484
3476	3485
3476	3486
3476	3487
3476	3488
3476	3489
3476	3490
3476	3491
3492	3493
3492	3494
3492	3495
3492	3496
3492	3497
3492	3498
3492	3499
3492	3500
3492	3501
3492	3502
3492	3503
3492	3504
3492	3505
3492	3506
3492	3507
3492	3508
3492	3509
3492	3510
3492	3511
3492	3512
3513	3514
3513	3515
3513	3516
3513	3517
3513	3518
3519	3520
3519	3521
3519	3522
3519	3523
3519	3524
3519	3525
3519	3526
3519	3527
3519	3528
3519	3529
3519	3530
3519	3531
3519	3532
3519	3533
3519	3534
3519	3535
3519	3536
3519	3537
3519	3538
3519	3539
3540	3541
3540	3542
3540	3543
3540	3544
3540	3545
3540	3546
3540	3547
3540	3548
3540	3549
3540	3550
3540	3551
3540	3552
3540	3553
3540	3554
3540	3555
3540	3556
3540	3557
3540	3558
3540	3559
3540	3560
3561	3562
3561	3563
3561	3564
3561	3565
3561	3566
3561	3567
3561	3568
3561	3569
3561	3570
3561	3571
3561	3572
3561	3573
3561	3574
3561	3575
3561	3576
3561	3577
3561	3578
3561	3579
3561	3580
3561	3581
3582	3583
3582	3584
3582	3585
3582	3586
3582	3587
3582	3588
3582	3589
3582	3590
3582	3591
3582	3592
3582	3593
3582	3594
3582	3595
3582	3596
3582	3597
3582	3598
3582	3599
3582	3600
3582	3601
3582	3602
3603	3604
3603	3605
3603	3606
3603	3607
3603	3608
3603	3609
3603	3610
3603	3611
3603	3612
3603	3613
3603	3614
3603	3615
3603	3616
3603	3617
3603	3618
3603	3619
3603	3620
3603	3621
3603	3622
3603	3623
3624	3625
3624	3626
3624	3627
3624	3628
3624	3629
3624	3630
3624	3631
3624	3632
3624	3633
3624	3634
3624	3635
3624	3636
3624	3637
3624	3638
3624	3639
3624	3640
3624	3641
3624	3642
3624	3643
3624	3644
3645	3646
3645	3647
3645	3648
3645	3649
3645	3650
3645	3651
3645	3652
3645	3653
3645	3654
3645	3655
3645	3656
3645	3657
3645	3658
3645	3659
3645	3660
3645	3661
3645	3662
3645	3663
3645	3664
3645	3665
3666	3667
3666	3668
3666	3669
3666	3670
3666	3671
3666	3672
3666	3673
3666	3674
3666	3675
3666	3676
3666	3677
3666	3678
3666	3679
3666	3680
3666	3681
3666	3682
3666	3683
3666	3684
3666	3685
3666	3686
3690	3691
3690	3692
3690	3693
3690	3694
3690	3695
3690	3696
3690	3697
3690	3698
3690	3699
3690	3700
3701	3702
3701	3703
3701	3704
3701	3705
3701	3706
3701	3707
3701	3708
3701	3709
3701	3710
3701	3711
3701	3712
3701	3713
3701	3714
3701	3715
3701	3716
3701	3717
3701	3718
3701	3719
3701	3720
3701	3721
3722	3723
3722	3724
3722	3725
3722	3726
3722	3727
3722	3728
3722	3729
3722	3730
3722	3731
3722	3732
3722	3733
3722	3734
3722	3735
3722	3736
3722	3737
3722	3738
3722	3739
3722	3740
3722	3741
3722	3742
3743	3744
3743	3745
3743	3746
3743	3747
3743	3748
3743	3749
3743	3750
3743	3751
3743	3752
3743	3753
3743	3754
3743	3755
3743	3756
3743	3757
3756	3758
3758	3759
3758	3760
3758	3761
3758	3762
3758	3763
3758	3764
3758	3765
3758	3766
3758	3767
3758	3768
3758	3769
3758	3770
3758	3771
3758	3772
3758	3773
3758	3774
3758	3775
3758	3776
3758	3777
3778	3779
3778	3780
3778	3781
3778	3782
3778	3783
3778	3784
3778	3785
3778	3786
3778	3787
3778	3788
3778	3789
3778	3790
3778	3791
3778	3792
3778	3793
3778	3794
3778	3795
3778	3796
3778	3797
3778	3798
3804	3805
3804	3806
3804	3807
3808	3809
3808	3810
3808	3811
3808	3812
3808	3813
3808	3814
3808	3815
3808	3816
3808	3817
3808	3818
3808	3819
3808	3820
3808	3821
3808	3822
3808	3823
3808	3824
3808	3825
3808	3826
3808	3827
3808	3828
3829	3830
3829	3831
3829	3832
3829	3833
3829	3834
3829	3835
3829	3836
3829	3837
3829	3838
3829	3839
3829	3840
3829	3841
3829	3842
3829	3843
3844	3845
3844	3846
3844	3847
3844	3848
3844	3849
3844	3850
3844	3851
3844	3852
3844	3853
3844	3854
3844	3855
3844	3856
3844	3857
3844	3858
3844	3859
3844	3860
3844	3861
3844	3862
3844	3863
3844	3864
3865	3866
3865	3867
3865	3868
3865	3869
3865	3870
3865	3871
3865	3872
3865	3873
3865	3874
3865	3875
3865	3876
3877	3878
3877	3879
3877	3880
3877	3881
3877	3882
3877	3883
3877	3884
3877	3885
3877	3886
3877	3887
3877	3888
3877	3889
3877	3890
3877	3891
3877	3892
3877	3893
3877	3894
3877	3895
3877	3896
3877	3897
3898	3899
3898	3900
3898	3901
3898	3902
3898	3903
3898	3904
3898	3905
3898	3906
3898	3907
3898	3908
3898	3909
3898	3910
3898	3911
3898	3912
3913	3914
3913	3915
3913	3916
3913	3917
3913	3918
3913	3919
3913	3920
3913	3921
3913	3922
3913	3923
3913	3924
3913	3925
3913	3926
3913	3927
3913	3928
3913	3929
3913	3930
3913	3931
3913	3932
3913	3933
3934	3935
3934	3936
3934	3937
3934	3938
3934	3939
3934	3940
3934	3941
3934	3942
3934	3943
3934	3944
3934	3945
3934	3946
3934	3947
3934	3948
3934	3949
3934	3950
3934	3951
3934	3952
3934	3953
3934	3954
3955	3956
3955	3957
3955	3958
3955	3959
3955	3960
3955	3961
3955	3962
3955	3963
3955	3964
3955	3965
3955	3966
3955	3967
3955	3968
3955	3969
3955	3970
3955	3971
3955	3972
3955	3973
3955	3974
3955	3975
3976	3977
3976	3978
3976	3979
3976	3980
3976	3981
3976	3982
3976	3983
3976	3984
3976	3985
3976	3986
3976	3987
3976	3988
3976	3989
3976	3990
3976	3991
3976	3992
3976	3993
3976	3994
3976	3995
3976	3996
4014	4015
4014	4016
4014	4017
4014	4018
4014	4019
4014	4020
4014	4021
4014	4022
4014	4023
4014	4024
4014	4025
4014	4026
4014	4027
4014	4028
4014	4029
4014	4030
4014	4031
4014	4032
4014	4033
4014	4034
4035	4036
4035	4037
4035	4038
4035	4039
4035	4040
4035	4041
4035	4042
4035	4043
4035	4044
4035	4045
4035	4046
4035	4047
4035	4048
4035	4049
4035	4050
4035	4051
4035	4052
4035	4053
4035	4054
4035	4055
4056	4057
4056	4058
4056	4059
4056	4060
4056	4061
4056	4062
4056	4063
4056	4064
4056	4065
4056	4066
4056	4067
4056	4068
4056	4069
4056	4070
4056	4071
4056	4072
4056	4073
4056	4074
4056	4075
4056	4076
4078	4079
4078	4080
4078	4081
4078	4082
4078	4083
4078	4084
4078	4085
4078	4086
4078	4087
4078	4088
4078	4089
4078	4090
4078	4091
4078	4092
4078	4093
4078	4094
4078	4095
4078	4096
4097	4098
4097	4099
4097	4100
4097	4101
4097	4102
4097	4103
4097	4104
4097	4105
4097	4106
4097	4107
4097	4108
4097	4109
4097	4110
4097	4111
4097	4112
4097	4113
4097	4114
4097	4115
4097	4116
4097	4117
4118	4119
4118	4120
4118	4121
4118	4122
4118	4123
4118	4124
4118	4125
4118	4126
4118	4127
4118	4128
4118	4129
4118	4130
4118	4131
4118	4132
4133	4134
4133	4135
4133	4136
4133	4137
4133	4138
4133	4139
4133	4140
4133	4141
4133	4142
4133	4143
4133	4144
4133	4145
4133	4146
4133	4147
4148	4149
4148	4150
4148	4151
4148	4152
4148	4153
4148	4154
4148	4155
4148	4156
4148	4157
4148	4158
4148	4159
4148	4160
4148	4161
4148	4162
4148	4163
4148	4164
4148	4165
4148	4166
4148	4167
4148	4168
4169	4170
4169	4171
4169	4172
4169	4173
4169	4174
4169	4175
4169	4176
4169	4177
4169	4178
4169	4179
4169	4180
4169	4181
4169	4182
4169	4183
4169	4184
4169	4185
4169	4186
4169	4187
4169	4188
4169	4189
4190	4191
4190	4192
4190	4193
4190	4194
4190	4195
4190	4196
4190	4197
4190	4198
4190	4199
4190	4200
4190	4201
4190	4202
4190	4203
4190	4204
4190	4205
4190	4206
4190	4207
4190	4208
4190	4209
4190	4210
4211	4212
4211	4213
4211	4214
4211	4215
4211	4216
4211	4217
4211	4218
4211	4219
4211	4220
4211	4221
4211	4222
4211	4223
4211	4224
4211	4225
4226	4227
4226	4228
4226	4229
4226	4230
4226	4231
4226	4232
4226	4233
4226	4234
4226	4235
4226	4236
4226	4237
4226	4238
4226	4239
4226	4240
4226	4241
4226	4242
4226	4243
4226	4244
4226	4245
4226	4246
4247	4248
4247	4249
4247	4250
4247	4251
4247	4252
4247	4253
4247	4254
4247	4255
4247	4256
4247	4257
4247	4258
4247	4259
4247	4260
4247	4261
4247	4262
4247	4263
4247	4264
4247	4265
4247	4266
4247	4267
4268	4269
4268	4270
4268	4271
4268	4272
4268	4273
4268	4274
4268	4275
4268	4276
4268	4277
4268	4278
4268	4279
4268	4280
4268	4281
4268	4282
4268	4283
4268	4284
4268	4285
4268	4286
4268	4287
4268	4288
4289	4290
4289	4291
4289	4292
4289	4293
4289	4294
4289	4295
4289	4296
4289	4297
4289	4298
4289	4299
4289	4300
4289	4301
4289	4302
4303	4304
4303	4305
4303	4306
4303	4307
4303	4308
4303	4309
4303	4310
4303	4311
4303	4312
4303	4313
4303	4314
4303	4315
4303	4316
4303	4317
4318	4319
4318	4320
4318	4321
4318	4322
4318	4323
4318	4324
4318	4325
4318	4326
4318	4327
4318	4328
4318	4329
